# D	S	B	R	T	intv	thruput	blksz	comment
500	600	1600	300	300k	2.3543	546.612	1286.91
800	1200	3000	300	1m	5.1754	843.590	4365.95	default size
1600	1900	6500	300	2m	7.7297	1129.79	8733.00
1600	1900	10000	300	3m	11.833	1107.04	13100.0
1600	1900	9000	300	3m	11.792	1106.10	13042.8
1600	2000	13000	300	4m	14.895	1161.09	17294.1
1900	2300	16000	300	5m	18.000	1194.69	21504.4
3500	3900	38000	300	10m	37.000	1144.15	42333.7
5000	5400	56000	300	16m	51.000	1266.95	64614.4
7000	7400	73000	300	20m	65.000	1315.58	85512.8
7000	7400	68000	300	20m	70.250	1221.87	85836.0
8400	8800	84000	300	24m	81.333	1266.44 103004
9500	9900	99000	300	28m	91.333	1276.43	116580
11000	11400	110000	300	32m	104.00	1286.21	133766
